0.738807
1.6100023
4.4038053
2.1715498
0.77816767
2.843892
4.4172206
1.2865902
3.6981583
1.1355646
5.798449
1.470903
13.459196
1.8742262
1.6928526
1.8235633
1.1570534
1.8550128
2.4357717
0.9179065
2.0368056
1.3394055
1.2947787
1.2216129
5.3782887
1.5002303
0.7326965
1.1826295
2.7123172
4.615988
11.425723
2.5954785
3.1316264
2.2822447
3.473456
0.58308244
1.9058645
2.1455836
1.5578023
2.4645767
6.270282
1.1112372
2.1867218
5.891128
0.6905379
3.030306
6.499758
2.189985
1.0935894
0.7908416
1.0249417
0.92468333
2.1222205
2.5129533
0.66149676
1.1351032
1.5381341
0.9127608
2.7505894
1.1571039
4.1941485
2.3674695
1.844445
0.6982122
1.3336493
4.155384
1.9118991
1.026589
1.2743667
3.874836
0.86941147
3.0514226
1.059388
4.378398
1.0635407
2.10617
2.181742
1.6276642
0.82312655
1.7254331
0.6510416
1.4848981
2.789493
1.0884038
2.2853315
1.0694773
2.2506733
2.5074527
1.4255784
2.7300549
5.103358
1.9032205
7.783531
5.540671
6.8463426
6.81332
6.8099084
6.8128896
6.8094883
6.8253813
6.827849
6.8206367
6.812349
6.812416
6.8010855
6.815537
6.822995
6.8092585
6.8291416
6.8061357
6.8144226
6.7988997
6.8104286
6.8096194
6.8226876
6.8297386
6.839961
6.8243856
6.814323
6.7969236
6.790099
6.8145227
6.834148
6.8247247
6.826191
6.8094106
6.8032036
6.7979198
6.8031683
6.820414
6.8308344
6.825571
6.820567
6.8000355
6.79857
6.8287606
6.813886
6.843544
6.8214703
6.818715
6.813739
6.800017
6.794497
6.8524547
6.833214
6.8260894
6.8194237
6.823528
5.6826534
5.696356
5.685939
5.677876
5.7025304
5.6881847
5.688304
5.6802583
5.67726
5.6853
5.6940193
5.689258
5.674717
5.6740036
5.70006
5.7222714
5.6718125
5.675161
5.679715
5.688224
5.6916633
5.6725307
5.6910944
5.692329
5.687965
5.680344
5.6859345
5.6997433
5.6973186
5.6807036
5.6669044
5.680115
5.7058783
5.6855607
5.6806526
5.663523
5.6904726
5.6779957
5.6777716
5.674412
5.6489363
5.6910834
5.7144237
5.674393
5.6717386
5.6855984
5.6924796
6.439803
6.8169165
6.8293943
6.803227
6.5635757
5.6758323
5.6701093
5.6835046
5.6778407
6.8103695
6.8242235
5.8590984
5.6854563
5.7023816
5.70553
5.669024
5.6844707
5.68129
5.709927
5.6766753
5.681883
5.678524
5.6821833
5.6874814
5.679314
5.6706114
5.7010813
5.687685
5.6779566
5.6636934
5.6782007
5.6714563
5.7017455
5.680201
5.681481
5.707978
5.7011046
5.693659
5.6642904
5.6813703
5.697342
5.6964927
5.6615953
5.7137337
5.6953945
5.6835136
5.683415
5.6831846
5.691697
5.6869855
5.693423
5.690135
6.7866516
6.8338814
6.817525
6.81476
6.1523676
5.686274
6.214878
6.855882
6.5543485
5.6642985
5.683395
5.6971116
5.6780324
5.687351
5.6853266
5.692412
5.6958237
5.6746492
5.6708074
5.691092
5.711306
5.704089
5.6751194
5.6951523
5.682773
5.679332
5.6803985
5.6811376
5.6721954
5.6867657
5.688643
5.6837754
5.6755342
5.692531
5.7057424
5.677055
5.671701
5.6840415
5.6991186
5.6833186
5.6929884
5.664471
5.6810703
5.6885257
5.682689
5.6770115
5.68622
5.670916
5.6823506
5.6928725
5.6733804
5.886741
6.8318577
6.815542
6.8223224
6.797609
5.6941686
5.6884494
5.6836987
5.6661434
5.6890574
5.6895103
5.6737213
5.6634064
5.676871
5.6866465
5.6806498
5.6779537
5.681644
5.6959505
5.6841674
5.667543
5.6641417
5.677856
5.6943674
5.687835
5.6906433
5.6758337
5.686661
5.6971574
5.70172
5.6865807
5.6776466
5.678132
5.695756
5.665582
5.664306
5.685134
5.692767
5.687646
5.6765
5.6900954
5.6825485
5.683956
5.682191
5.683675
5.686464
5.6925592
5.671925
5.6608186
5.6656504
5.6821885
5.6742716
6.436999
6.8278103
6.820242
6.80249
6.6086936
5.6774397
5.6638947
5.6839633
5.675013
5.6710024
5.685148
5.686659
5.6800547
5.704364
5.693672
5.685171
5.682949
5.6910987
5.6921635
5.6772547
5.6708913
5.6975937
5.6921067
5.683752
5.662794
5.6993384
5.696773
5.698157
5.658754
5.6735253
5.6805434
5.697181
5.6954365
5.6705303
5.6840305
5.686555
5.679442
5.678378
5.6852384
5.68566
5.696341
5.6663337
5.676454
5.6804967
5.69884
5.6830263
5.676639
5.6781526
5.6970553
5.69767
5.6837683
5.677685
6.7349043
6.8298445
6.8144326
6.797106
6.2253375
5.6806483
5.6748176
5.6842856
5.9746385
6.8287873
6.737694
5.6776505
5.6691647
5.6816826
5.6858964
6.671747
6.806935
6.1029444
5.683509
5.6948657
5.7006545
5.6726236
5.6688876
5.687821
5.718916
5.6972094
5.6830506
5.6940913
5.6979337
5.6938686
5.6845407
5.680223
5.676389
5.6913714
5.680749
5.666916
5.6742673
5.7020125
5.6870403
5.6603155
5.673393
5.698533
5.6592464
5.6922092
5.6961455
5.6789207
5.691085
5.685351
5.6758833
5.694404
5.6743474
5.870474
6.8326807
6.808614
6.800513
6.8141108
5.756676
5.685727
6.568182
6.846458
6.811681
6.8021894
6.396421
5.667047
5.6993527
5.68581
5.7835846
6.8200784
6.8085546
5.6917977
5.690261
5.6681533
5.6625957
5.692278
5.7034087
5.6873775
5.6882944
5.6677833
5.6760674
5.704676
5.6675386
5.6646986
5.7032127
5.692908
5.6784134
5.6772046
5.677595
5.681083
5.689293
5.677395
5.675807
5.6742344
5.714674
5.687235
5.6932406
5.6700025
5.684664
5.7081027
5.679946
5.6538343
5.6884027
5.7016926
5.678117
6.290916
6.83743
6.8177404
6.8057947
6.634272
5.6698813
5.6813617
5.681729
5.688311
5.6731267
5.648944
5.6659527
5.6812425
5.702933
5.657797
5.6718206
5.701954
5.703188
5.6849055
5.680053
5.6877494
5.6857934
5.702625
5.6817746
5.6864724
5.6783667
5.6775293
5.6840315
5.679846
5.6900797
5.692266
5.694476
5.683454
5.6769075
5.6909432
5.6829453
5.6733994
5.672875
5.684461
5.700529
5.685806
5.6684976
5.6665277
5.6901045
5.69921
5.677809
5.6763487
5.694191
5.6670055
5.6810107
5.673125
5.6729326
6.6903954
6.8184767
6.820759
6.787398
6.2552543
5.6918144
5.691455
5.6816573
5.668681
5.6797333
5.683906
5.6683927
5.6615376
5.6602488
5.6841817
5.6880255
5.673519
5.6917343
5.6896744
5.690416
5.6908765
5.6819305
5.6748004
5.6943884
5.6991763
5.655145
5.681228
5.691665
5.681069
5.685123
5.668839
5.6513443
5.6907315
5.6849008
5.704855
5.6778116
5.68125
5.6918616
5.713862
5.677174
5.678686
5.6767263
5.700866
5.6820006
5.6709604
5.7001
5.6838074
5.6769156
5.66914
5.6797557
5.691246
5.8417172
6.804224
6.8200355
6.7995734
6.7982373
5.80518
5.6705623
5.681983
5.669357
6.3057027
6.7969236
6.82732
6.8380656
6.602921
5.700769
5.678731
5.6601563
5.679661
6.788602
6.801925
5.8687534
5.681242
6.45096
6.8276205
6.3427644
5.667214
5.6743464
5.688637
5.691448
5.6683803
5.679311
5.700236
5.696501
5.685637
5.678187
5.6964006
5.7155876
5.6952844
5.6775565
5.6651235
5.691123
5.679649
5.688529
5.6649
5.6836348
5.7017164
5.670857
5.6823444
5.6742806
5.680006
5.6853304
5.68591
6.270513
6.816741
6.8135476
6.8153467
6.6670103
5.685865
5.6931453
6.8485312
6.801813
5.797134
5.6852655
6.5540314
6.8236814
6.2256885
5.6788692
5.6707325
5.674271
5.948178
6.8160806
6.7534785
5.685942
5.7134867
6.79386
6.7937946
5.897058
5.6973324
5.6899943
5.669416
5.6817636
5.6739235
5.691967
5.7067337
5.666424
5.666946
5.7110486
5.6898007
5.6775064
5.6633167
5.6750455
5.6873136
5.6788616
5.659943
5.672442
5.6926455
5.7018623
5.666599
5.676726
5.694136
5.6866956
5.696438
5.671353
5.6896014
6.6532726
6.8359103
6.795915
6.8052287
6.301755
5.6953096
6.102116
6.8206964
6.691692
5.6924744
5.684155
5.680588
5.667743
5.698584
5.7049947
5.6889515
5.6635175
5.689466
5.672849
5.6689024
5.6818447
5.674712
5.678491
5.6957345
5.6908526
5.679149
5.6785026
5.688613
5.697239
5.690768
5.68276
5.677723
5.692857
5.689272
5.6788793
5.672612
5.6973205
5.6902046
5.689552
5.676991
5.66801
5.674046
5.70331
5.67264
5.666696
5.6942024
5.691919
5.6743975
5.659154
5.6929593
5.692356
5.7636604
6.820953
6.803718
6.804327
6.8064623
5.8366756
5.67377
5.678373
5.695748
5.698988
5.6814847
5.685863
5.6864862
5.6792984
5.6921387
5.6842613
5.691481
5.6879616
5.6882863
5.673991
5.6673527
5.6916003
5.6914525
5.6862617
5.6736946
5.6723533
5.6922197
5.713946
5.667358
5.674294
5.6987543
5.699644
5.6888685
5.6751595
5.650881
5.6981497
5.691119
5.6675363
5.675892
5.6833096
5.680102
5.6744347
5.6584296
5.646072
5.665704
5.6875653
5.6798277
5.669659
5.675342
5.682486
5.6898026
5.667788
6.242377
6.8123975
6.8005714
6.821549
6.727191
5.6734633
5.688989
5.685935
5.683988
5.6798425
5.6927986
5.6969757
5.69148
5.6619344
5.6793537
5.676046
5.681195
5.681878
5.6626287
5.6756773
5.6979837
5.6905365
5.681872
5.683148
5.6837654
5.699539
5.6764293
5.666349
5.698067
5.6957397
5.67726
5.680583
5.673272
5.6996408
5.6674805
5.6737967
5.6750007
5.68456
5.71561
5.67961
5.6838503
5.6676044
5.6706853
5.695862
5.695341
5.683742
5.686915
5.685958
5.69371
5.6797748
5.670406
5.6817584
6.590396
6.8031836
6.8113565
6.815556
6.36393
5.7078257
5.690877
5.66355
5.7972846
6.8193884
6.82884
6.8348427
6.848917
5.857249
5.6966434
5.68
5.6692843
6.314126
6.812307
6.4675055
5.6912956
5.9044433
6.8003273
6.7698135
5.676834
5.679294
6.7664123
6.8441057
5.972139
5.6782675
5.6676292
5.674007
5.6794825
5.671253
5.6816244
5.6569138
5.6790056
5.6927505
5.6707788
5.681254
5.6850715
5.701318
5.6717615
5.6885853
5.6687436
5.695113
5.7091317
5.66477
5.6608405
5.684573
5.6986756
5.722071
6.7962074
6.8006682
6.795731
6.8151603
5.9222455
5.6766477
6.4458404
6.800358
6.801325
6.7907662
6.812265
6.8200064
6.6994777
5.693637
5.658973
5.6879706
5.6992917
6.7229934
6.814797
5.9886765
5.69132
6.3727508
6.798607
6.4114437
5.681778
5.914489
6.8377986
6.761955
5.6739917
5.707151
5.7173786
5.6836967
5.673352
5.6857405
5.705606
5.6974297
5.703688
5.66481
5.674484
5.686504
5.693724
5.6557655
5.6782413
5.693532
5.660162
5.691889
5.684829
5.6785827
5.7002783
5.690914
5.665792
6.154342
6.788448
6.796564
6.8111033
6.763564
5.6856155
5.717269
6.777806
6.8232446
5.878603
5.693432
5.693915
5.66351
5.684283
5.682013
5.702131
5.684305
5.6725793
5.6800866
5.7044806
5.697522
5.7041764
5.6695805
5.682598
5.684861
5.6758075
5.6613007
5.6757655
5.6974607
5.6986294
5.700523
5.666432
5.689767
5.6996408
5.6884627
5.6768303
5.670242
5.698411
5.6789536
5.673288
5.666737
5.679029
5.677099
5.6820893
5.678108
5.6802416
5.686611
5.699761
5.676047
5.665668
5.6700664
5.697194
6.569632
6.820629
6.797012
6.804886
6.376787
5.6913824
5.670097
5.6874304
5.7086234
5.718558
5.6817055
5.6747847
5.700788
5.675743
5.6758194
5.672375
5.668793
5.659075
5.6942554
5.68882
5.6647143
5.700299
5.7059827
5.6975083
5.6785636
5.668924
5.6880646
5.709274
5.6897902
5.6732326
5.662293
5.682731
5.7030067
5.665405
5.680322
5.685113
5.707607
5.6871076
5.672654
5.6646976
5.6953526
5.6976714
5.661878
5.6695566
5.6617837
5.6846027
5.668972
5.6758904
5.671467
5.6853228
5.6921525
5.674869
6.826923
6.809254
6.826903
6.8472414
6.020398
5.6767383
5.6730666
5.693733
5.6794596
5.6950088
5.688368
5.699569
5.6663322
5.6831627
5.6847963
5.6978474
5.714371
5.6840553
5.662642
5.6619906
5.676174
5.6792307
5.671364
5.679305
5.698099
5.6780677
5.6720037
5.680404
5.679302
5.6920214
5.69982
5.6659765
5.680682
5.677484
5.663816
5.6976414
5.6813416
5.6678133
5.6922383
5.699318
5.6980014
5.66235
5.6845303
5.687701
5.6686134
5.6858773
5.6705937
5.683675
5.690519
5.6851535
5.6796417
6.097757
6.7910385
6.80613
6.818845
6.807999
5.677727
5.715252
5.6839876
5.667722
6.5985446
6.824347
6.825946
6.80791
6.376787
5.686528
5.6857142
5.6925683
5.8223305
6.8258634
6.8159995
5.6901317
5.6982627
6.6765385
6.800411
6.0653143
5.6907353
6.328454
6.829775
6.4959097
5.6872
5.906106
6.819058
6.792517
5.704628
5.680703
5.686623
5.700631
5.689176
5.692814
5.6949778
5.664117
5.6925592
5.6837416
5.6968
5.6745515
5.6726975
5.68485
5.6859136
5.666546
5.6759515
5.671861
5.683922
6.510996
6.800186
6.80805
6.839796
6.5088134
5.6803665
5.883848
6.8047004
6.7702985
5.690354
5.6596813
5.68623
5.6766424
5.6965833
5.679388
5.67584
5.693253
6.214164
6.816454
6.5621667
5.6789284
5.792004
6.8048997
6.809481
5.6592274
5.670928
6.6904464
6.82521
6.0523963
5.6584525
6.3506875
6.823881
6.445583
5.6566854
5.6860304
5.7184734
5.707873
5.6740613
5.6644635
5.6958795
5.687663
5.6763425
5.6711826
5.6679144
5.672263
5.6999383
5.678958
5.668935
5.6697154
5.695002
5.6892285
5.679479
6.804136
6.8135443
6.7977395
6.8156586
6.0283527
5.691693
6.3626676
6.796055
6.806824
6.8146906
6.6388884
5.6971507
5.6758523
5.65118
5.6895056
5.700358
5.691595
5.7008996
5.658454
5.695634
5.7010636
5.690028
5.6720634
5.6455655
5.6936836
5.6963887
5.6705823
5.676669
5.691592
5.714539
5.701931
5.6817265
5.6893888
5.6989436
5.7011
5.672053
5.6512227
5.686196
5.6945734
5.695428
5.6765437
5.662981
5.6910405
5.69295
5.6830106
5.6839905
5.6716166
5.702244
5.6999254
5.6739945
5.6692643
6.055044
6.8199043
6.83594
6.8263083
6.8296247
5.690747
5.705519
5.6923094
5.667911
5.683972
5.6932287
5.6681805
5.673337
5.693984
5.683326
5.677361
5.660779
5.677443
5.6939096
5.690667
5.6733203
5.660374
5.6854796
5.700603
5.69768
5.6753206
5.661811
5.698197
5.6979656
5.69388
5.68909
5.687307
5.702651
5.6958528
5.69823
5.667206
5.6957183
5.6948805
5.6759686
5.680374
5.6810374
5.6988053
5.677086
5.66129
5.661238
5.6850796
5.7065635
5.7000833
5.6773453
5.6676536
5.68291
5.682702
6.489379
6.8066826
6.7985954
6.8217297
6.4846616
5.6556315
5.672841
5.6869555
5.6885934
5.678862
5.6808715
5.6873803
5.69825
5.674287
5.68077
5.690075
5.6822495
5.686023
5.712865
5.682047
5.6734605
5.6960454
5.6942015
5.6737013
5.6836014
5.697882
5.6810555
5.666347
5.6754584
5.6836486
5.684697
5.6975346
5.6861205
5.6767135
5.6777406
5.677599
5.671309
5.657578
5.706396
5.7001266
5.697983
5.6838355
5.6790247
5.68427
5.6791673
5.6889205
5.66368
5.6728497
5.6843143
5.7014256
5.674963
5.6752667
6.800548
6.8276076
6.8462367
6.825239
6.0876484
5.696871
5.6735177
5.6765375
6.0649867
6.826263
6.8303657
6.8249717
6.815456
5.6750517
5.689138
5.711114
5.681794
6.5797763
6.8322825
6.1923785
5.682705
6.1884108
6.805567
6.568343
5.6818156
5.776421
6.820686
6.806304
5.6788654
5.676724
6.714642
6.854767
6.0980053
5.714284
6.3420773
6.8091054
6.480833
5.698728
5.6887465
5.699153
5.6692705
5.675145
5.671769
5.675417
5.6665936
5.6745687
5.6914988
5.690932
5.6607666
5.676614
5.6774406
6.0205903
6.7953753
6.8481956
6.817703
6.816549
5.691741
5.669665
6.67306
6.826021
6.836207
6.852008
6.2549396
5.670846
5.6949997
5.7115192
5.685299
5.67081
5.710754
6.825903
6.820149
5.7709746
5.662019
6.608374
6.82025
6.151674
5.660502
6.2573423
6.8265367
6.5379853
5.6792965
5.781767
6.8307643
6.8155565
5.702533
5.6760316
6.6758957
6.8097577
6.028178
5.709803
5.68782
5.6875405
5.686266
5.692056
5.656729
5.672854
5.6870723
5.6812334
5.680791
5.6655517
5.6897707
5.6846757
5.6750913
6.4786086
6.8124313
6.8173895
6.8301506
6.589936
5.677392
5.7809153
6.810721
6.821781
6.8228326
6.8422704
5.865678
5.6808934
5.673845
5.6679068
5.6787353
5.6937256
5.6772246
5.6854825
5.6672306
5.6808224
5.670026
5.6852484
5.682418
5.6957984
5.6868687
5.6995373
5.686542
5.658495
5.6767993
5.7072186
5.693349
5.68368
5.686793
5.682398
5.708285
5.696683
5.6526093
5.6917443
5.6935143
5.7081556
5.676838
5.691106
5.692964
5.696419
5.6929097
5.684712
5.6833773
5.6840096
5.6957073
5.699557
5.6791687
6.785689
6.8339696
6.8370605
6.835562
6.1585402
5.68928
5.690149
5.6785893
5.6906953
5.6876936
5.6848474
5.6846256
5.6737666
5.683993
5.6877365
5.7006216
5.6791887
5.6851497
5.6730037
5.693214
5.684331
5.696876
5.6920724
5.6893015
5.700763
5.690062
5.6525545
5.6966305
5.6958966
5.6962466
5.6843953
5.6603823
5.7042923
5.6834784
5.693921
5.6677547
5.6845446
5.6810036
5.689739
5.68826
5.6732287
5.6964517
5.7027736
5.6744075
5.663806
5.6909056
5.6932735
5.694433
5.668829
5.6772447
5.6797724
5.93361
6.833262
6.8324285
6.8444095
6.800722
5.7230754
5.691482
5.6826406
5.679789
5.687859
5.6836905
5.6641726
5.670965
5.688612
5.695241
5.6788783
5.66246
5.6884212
5.705128
5.708977
5.69901
5.671588
5.690329
5.714717
5.6648498
5.680423
5.677946
5.703245
5.67772
5.687986
5.6726427
5.690619
5.711241
5.6832075
5.6756587
5.6896524
5.7076697
5.6864386
5.6713815
5.67658
5.7148395
5.6995087
5.6777525
5.683059
5.6804824
5.684789
5.6941314
5.6815567
5.6972632
5.700204
5.7043247
5.685886
6.3881574
6.8242226
6.826211
6.809218
6.5991096
5.6815724
5.687003
5.69532
5.7035108
6.7988586
6.830916
6.7825875
6.814183
6.1324806
5.6672606
5.679736
5.690727
6.041857
6.8104324
6.6745496
5.692624
5.692026
6.805636
6.812624
5.78154
5.688081
6.5763073
6.8169107
6.2024865
5.6793914
6.1937184
6.8279862
6.619814
5.6750135
5.7563066
6.794868
6.7884035
5.679384
5.6731873
6.644412
6.8024106
6.071271
5.68021
5.687384
5.711054
5.670675
5.671237
5.704904
5.7044578
5.6868577
5.6793714
5.6820145
6.746209
6.826978
6.814865
6.8111486
6.2024417
5.7017617
6.2072144
6.8072567
6.6084986
5.6810937
5.7792525
6.810559
6.793381
5.6994066
5.708711
5.6905026
5.6610546
6.481714
6.8154063
6.2925744
5.6827507
6.090047
6.819947
6.683489
5.685341
5.7120867
6.81422
6.8033814
5.7574296
5.686729
6.5938144
6.814811
6.2126727
5.6948023
6.1712217
6.813552
6.613644
5.6993656
5.7984514
6.833348
6.817262
5.673639
5.692872
5.6473465
5.6871653
5.680652
5.6880593
5.675851
5.6735444
5.6904144
5.6891365
5.9122434
6.833192
6.839431
6.827271
6.8099093
5.7439303
5.663317
6.619792
6.830982
6.825616
6.8428516
6.3835607
5.6714673
5.7044
5.675609
5.678503
5.6790166
5.6840014
5.6903644
5.6717234
5.6845713
5.690568
5.702613
5.7145
5.675798
5.6698112
5.6837645
5.691223
5.681198
5.6714435
5.673529
5.689815
5.6712313
5.664183
5.67863
5.694815
5.683537
5.6877217
5.6733994
5.6815042
5.7037992
5.6757
5.648536
5.6643896
5.6743846
5.6862717
5.6887383
5.6604104
5.678455
5.6699376
5.69271
5.6920533
6.3436265
6.8349175
6.8265905
6.79428
6.6373687
5.6788416
5.6849027
5.6991715
5.673773
5.677605
5.695092
5.687835
5.691522
5.684426
5.678657
5.670766
5.6983943
5.670008
5.6819367
5.679635
5.681753
5.6770234
5.6702857
5.671027
5.6927814
5.693669
5.6623955
5.676423
5.674737
5.696914
5.689412
5.6869526
5.670433
5.681333
5.694227
5.6857343
5.6839886
5.691289
5.6763387
5.7094436
5.677518
5.6670566
5.684839
5.694178
5.6800804
5.662296
5.683118
5.701765
5.688463
5.6775723
5.6758785
5.6876326
6.7199345
6.8181376
6.8064065
6.826437
6.235913
5.6965475
5.664788
5.6470704
5.696246
5.7027526
5.6906056
5.6636963
5.675441
5.6980047
5.7079506
5.6716695
5.6666718
5.6916623
5.7139845
5.6990023
5.686678
5.676583
5.6691556
5.701507
5.683089
5.662965
5.6669736
5.7098484
5.681325
5.6746097
5.6748056
5.6919107
5.7023516
5.6902957
5.689298
5.6900463
5.6804714
5.6869736
5.6697354
5.6562333
5.6946173
5.6760955
5.707429
5.6766562
5.68881
5.6868396
5.7138205
5.6753364
5.673626
5.6764235
5.7002106
5.8336153
6.8250313
6.80641
6.8078732
6.789936
5.8023567
5.6859083
5.6878753
5.6832185
6.3986154
6.8201833
6.821887
6.800862
6.6002355
5.6725364
5.6768255
5.672062
5.6875873
6.7993064
6.7986007
5.8959813
5.6796246
6.4379992
6.834275
6.267834
5.6614
6.0796895
6.805497
6.6516585
5.678866
5.6744967
6.831952
6.8215265
5.7991705
5.6748304
6.5589495
6.818193
6.1989055
5.6842318
6.17578
6.8196836
6.59437
5.674948
5.736756
6.8164363
6.8218784
5.69327
5.6675797
5.690611
5.708469
5.6841664
5.6677675
6.3392706
6.8425164
6.81044
6.81191
6.6763434
5.6865387
5.7069426
6.8429193
6.839867
6.8254404
6.78623
6.796002
6.790447
6.174447
5.6948876
5.701058
5.6935306
5.937962
6.815119
6.7562485
5.6910157
5.66496
6.8118377
6.845904
5.8740764
5.7018733
6.4945
6.81231
6.2887616
5.689488
6.0423384
6.821025
6.6961536
5.6854386
5.6869745
6.8111835
6.8053126
5.778076
5.677421
6.596122
6.812324
6.176706
5.6940646
6.2331953
6.8243566
6.61825
5.6842375
5.706454
5.705569
5.6625686
5.6772714
5.687444
6.6714993
6.8179708
6.8252425
6.8032174
6.314285
5.6875567
6.07852
6.8280993
6.8157563
6.8231363
6.810634
5.67161
5.67458
5.680777
5.6825643
5.666651
5.6773753
5.668456
5.6831913
5.6901584
5.6593313
5.676241
5.695682
5.699044
5.6849203
5.667593
5.684783
5.7073894
5.683989
5.6727953
5.6851077
5.7005424
5.6914196
5.688088
5.673604
5.688623
5.696177
5.6893916
5.661856
5.6941333
5.693748
5.685541
5.666382
5.6580367
5.6772184
5.6884227
5.679308
5.686453
5.679737
5.691898
5.686677
5.7700696
6.8230634
6.819397
6.8142695
6.820907
5.8478236
5.653582
5.6869683
5.7025547
5.6883407
5.671142
5.6891155
5.7081723
5.6804137
5.647766
5.6830163
5.6825166
5.6790266
5.6942573
5.6704493
5.6854362
5.671111
5.702698
5.6721334
5.672514
5.668994
5.6935267
5.681233
5.6776423
5.6900206
5.7038674
5.6939197
5.6794443
5.6928253
5.682391
5.705913
5.652837
5.6613193
5.668616
5.6932516
5.684652
5.664898
5.6800323
5.68901
5.7160773
5.704671
5.6859417
5.706409
5.716774
5.7087603
5.6756105
5.674805
6.219122
6.8288527
6.811152
6.8119698
6.733142
5.6836643
5.696798
5.6812167
5.689921
5.676516
5.6913815
5.697136
5.6842732
5.6799197
5.691238
5.688232
5.690665
5.6807795
5.6662498
5.6787195
5.6950283
5.676998
5.677227
5.6808496
5.6752734
5.673041
5.671746
5.6716776
5.7026587
5.6773505
5.687266
5.6863246
5.663662
5.707539
5.6761026
5.6828823
5.6784234
5.6814494
5.690747
5.6845226
5.705446
5.680027
5.6898212
5.687487
5.6712914
5.6574874
5.6869073
5.690884
5.6610703
5.681621
5.672517
5.6929474
6.66171
6.833254
6.81301
6.790527
6.288065
5.686417
5.6907682
5.6827483
5.8109546
6.811163
6.799256
6.8123183
6.8223314
5.7975345
5.663191
5.6796327
5.676147
6.3594084
6.799767
6.4649186
5.668037
5.918706
6.8150744
6.744952
5.6794457
5.6701517
6.762173
6.812872
5.9029145
5.669561
6.430589
6.802882
6.3648567
5.6816554
6.078754
6.82463
6.67078
5.688478
5.673525
6.797406
6.7978916
5.799477
5.6957674
6.5719233
6.8342085
6.2693405
5.6922474
6.158863
6.802677
6.630559
5.6795797
5.7343183
6.8304434
6.8126407
6.8084464
6.7946777
5.8763866
5.676897
6.4581027
6.830368
6.375666
5.6776705
5.679112
5.6810346
5.6791058
5.6722054
5.686837
5.6897817
5.6762977
6.714016
6.8132625
6.05401
5.706824
6.4113126
6.8001933
6.423963
5.698544
5.9306307
6.8095484
6.752577
5.677634
5.66498
6.7835016
6.811149
5.9004135
5.6896195
6.4904017
6.8193545
6.4158134
5.686111
6.0566483
6.801926
6.6794467
5.6749544
5.6811166
6.8163214
6.822495
5.781054
5.669306
6.5701365
6.8190274
6.185294
5.6684337
6.164197
6.826061
6.800626
6.79318
6.752796
5.683291
5.687473
6.7783737
6.8059835
5.904572
5.6698236
6.4946036
6.819275
6.326215
5.6799154
5.706011
5.6682234
5.682926
5.6921077
5.7036114
5.7092357
5.6628494
5.664885
5.7003584
5.685295
5.679742
5.6679344
5.6827855
5.690813
5.6738453
5.668637
5.6794167
5.6919484
5.695014
5.688028
5.6689796
5.6777573
5.7119617
5.69488
5.669322
5.6718893
5.680175
5.691017
5.6715293
5.654948
5.692729
5.6887364
5.687661
5.689146
5.675279
5.6968904
5.694166
6.6284375
6.817107
6.8203335
6.805998
6.3994827
5.700194
5.6777496
5.687819
5.69755
5.685274
5.6676583
5.680314
5.6769347
5.6933904
5.6678286
5.683177
5.684572
5.7031703
5.682513
5.6754856
5.6836886
5.693808
5.6913047
5.677549
5.6652217
5.693048
5.6945314
5.695542
5.6670346
5.682497
5.6800094
5.691336
5.686871
5.665283
5.6911254
5.7083178
5.686445
5.688535
5.6820903
5.679533
5.669282
5.678472
5.683562
5.682465
5.692183
5.6787667
5.6878057
5.6691184
5.6948905
5.708491
5.6794286
5.6887574
6.8203115
6.8148828
6.797679
6.8166575
5.9680595
5.678145
5.6798234
5.676462
5.680673
5.686594
5.692329
5.700638
5.693675
5.674544
5.692041
5.6971025
5.694978
5.685058
5.698992
5.7075453
5.689155
5.6906123
5.676948
5.696614
5.699377
5.69413
5.6823645
5.6747046
5.6769285
5.6884236
5.67979
5.6826525
5.678829
5.687844
5.68979
5.687472
5.684159
5.695285
5.6972103
5.6743894
5.6785464
5.7006545
5.7067256
5.687156
5.6693325
5.681142
5.683345
5.7043586
5.6712832
5.6756973
5.676647
6.118312
6.8202534
6.801059
6.8129144
6.7823567
5.687574
5.68662
5.6619854
5.676135
5.7065253
5.6863756
5.6787434
5.6492395
5.686222
5.691996
5.6856213
5.6692924
5.69774
5.710232
5.6902404
5.671961
5.6811943
5.6799493
5.7033706
5.688364
5.6774096
5.6515927
5.6869264
5.6991205
5.6933827
5.6763983
5.6974955
5.7150474
5.6747217
5.6617417
5.688097
5.6971297
5.688981
5.6884217
5.6680903
5.6770782
5.7068367
5.702589
5.6773686
5.6784744
5.7047706
5.6972284
5.692891
5.6719418
5.6759
5.672354
5.687654
6.507915
6.7977395
6.8108087
6.81247
6.4397492
5.684293
5.922241
6.795356
6.767568
5.6588264
5.6918554
6.7764993
6.8472104
5.9131513
5.664678
6.4308743
6.7965784
6.308674
5.677527
6.0796385
6.826337
6.7147074
5.6877346
5.683613
5.682033
5.692628
5.676207
5.675971
5.6732206
5.7061706
5.706879
5.6928587
5.684975
5.6719837
5.680853
5.678868
5.6884394
5.667018
5.69683
5.6984262
5.695138
5.680455
5.6706753
5.6855917
5.6973667
5.666912
5.6794477
5.6873865
5.698499
5.7037935
5.6690745
5.6657143
6.808338
6.799957
6.7976484
6.811581
5.9957314
5.6924148
5.6637955
5.672521
5.673494
5.6879625
5.6969533
5.6981554
5.6662755
5.6846547
5.686001
5.702256
5.674095
5.68358
5.696872
5.707882
5.7093735
5.6854033
5.679682
5.7116756
5.7054615
5.6774926
5.6614847
5.6849885
5.694812
5.6886935
5.6743946
5.677349
5.6973696
5.6821904
5.6815796
5.669269
5.6968327
5.6938663
5.6837854
5.6660905
5.6701455
5.663056
5.716946
5.682099
5.657207
5.6810694
5.7047954
5.6950483
5.6718383
5.6773252
5.688199
6.055635
6.788084
6.8073416
6.8058705
6.839231
6.829548
6.8300576
6.835245
6.8191776
6.8059864
6.813066
6.8233213
6.830381
6.843129
6.811834
6.793993
6.790448
6.8102307
6.8132653
6.8116293
6.8430643
6.8306184
6.8144913
6.8131156
6.806137
6.8054805
6.8484893
6.834024
6.816376
6.8155327
6.820074
6.8076124
6.8081274
6.8117523
6.808599
6.8500195
6.8081493
6.811688
6.7966967
6.814237
6.810824
6.822966
6.8255525
6.836343
6.824595
6.8202796
6.7931194
6.8070264
6.809607
6.846156
6.8292994
6.8272204
6.828153
6.8209667
